9 0.60324617616291 0.4348802532075067 0.010056510245589512 0.017526481882436662
8 0.6176742203856025 0.44560287289678313 0.01499303878464664 0.016125618394272456
8 0.6544894196672286 0.4440324571603548 0.011050935348000723 0.01759229771491394
2 0.650074556739016 0.4675976165840139 0.01804861815871417 0.019783978111167222
2 0.6089473579169828 0.47725196703889544 0.023238841597100213 0.030497695171916916
2 0.5931434436785634 0.48349696255346875 0.03553550951241935 0.04859400445932388
2 0.6329572392457415 0.4745070048486605 0.02021857290862994 0.02856928720020302
2 0.5740373820371867 0.49053893155556516 0.04573374172326028 0.061366734238379406
2 0.6818409648370474 0.45480743416624814 0.023021374796786676 0.020113099044506477
2 0.6971291218675297 0.44773036879664324 0.018084865075688183 0.021514861138350216
2 0.7778989903167408 0.45428482463734143 0.03480346209126639 0.02607750502712175
2 0.7349603612793928 0.45504709723898384 0.03907806563902527 0.028088958950654053
4 0.806642422070522 0.4477033327240718 0.04939312919455119 0.033956270251720044
