9 0.4328054750695778 0.4543996587289167 0.0128885866775581 0.022124062508121045
8 0.41888999422547607 0.4729967636183019 0.018086869121837323 0.02250224613998386
8 0.3788064592474534 0.49022137616455347 0.013974931867803742 0.022564849141109122
2 0.38731094041144304 0.5125813457407692 0.021814926926481903 0.027477926819938325
2 0.4333389215633207 0.5015936730561645 0.028654969857169643 0.04064415602574539
2 0.4514270456901174 0.5000203067544999 0.044038476502575474 0.06420294015919825
2 0.40692532948144655 0.5110291275753007 0.025160359365051566 0.037494254521378334
2 0.47321425453025523 0.4975875231683935 0.0565446253188468 0.08139920392183991
2 0.3509156518671642 0.5154956696937256 0.0272476557928934 0.029682266919627387
2 0.33325397667922707 0.5159353461563538 0.022049495127101804 0.029305031848082863
2 0.24689536809886997 0.5641733240387802 0.0407043940525956 0.040337306783606586
2 0.2934768112618845 0.5429664385654115 0.04556935091349318 0.04404325703923262
4 0.2147531100925241 0.5720257759839511 0.057423368027884 0.05404798974154368
