9 0.5602940741182445 0.4434363150681008 0.011881927596577246 0.020870923710932965
8 0.5760485475117438 0.44968735758001716 0.01668379858973046 0.021064848245287315
8 0.6132758999760075 0.4361788546205244 0.012885081614871008 0.02125962956768579
2 0.6112134115683043 0.4616024448630742 0.020122276938033923 0.025731567161596136
2 0.5704374533043506 0.48473737756433777 0.026426479839195438 0.0381791952790988
2 0.5550289757638724 0.4962088321399074 0.04061166163609509 0.06034930349191753
2 0.594539332282551 0.47417529799887187 0.0232016146779791 0.03526199738079738
2 0.5363487936606803 0.5095600290816487 0.05214581963826859 0.0764901493739969
2 0.642160574120892 0.4383025641456641 0.025138683695449693 0.027675343143054087
2 0.6569597709384811 0.4261506907759358 0.02033692413859256 0.027482327533906614
2 0.7396612836179849 0.40669643153175755 0.03755835206838487 0.03748971510921861
2 0.6961320806491175 0.42136291522244085 0.04204856534318435 0.040897241863794453
4 0.7681762760926228 0.3906965092310175 0.05298833266062952 0.050138176254877376
