8 0.5052376947011148 0.4859468868088188 0.010576432186012563 0.04320690147076239
8 0.45896956789291055 0.5165624993856659 0.01003960742663551 0.034811295747481596
8 0.8901590055717987 0.6062507309777089 0.011966963579485124 0.033544095613575964
8 0.5054979213829265 0.5302172565304778 0.011108124719312884 0.020111453787127198
8 0.4952718643008577 0.5290007501454457 0.011000807256224432 0.01843307533759453
4 0.5987916382728247 0.5941393887088426 0.05068687941485772 0.08943037171178159
2 0.8899313370098831 0.6984544627774762 0.07097663727311743 0.061239325433266045
2 0.9549316000749868 0.7213821306720818 0.06187199446998759 0.060201595169148914
2 0.7110872488922382 0.6993151880844254 0.26699575347905524 0.40991125858123384
9 0.539280413821797 0.5659557321190023 0.011322878367457156 0.023470067424001373
9 0.4479960355392469 0.49478751022714323 0.02256984144964358 0.042315382223693354
9 0.43964460806773176 0.48034458310221273 0.041633485446515905 0.05776931843600064
9 0.4066885840888622 0.4719836378408503 0.021127614402842665 0.0668835150908686
9 0.18912717044837335 0.3370309414781432 0.022999291183766063 0.04903170926092837
9 0.10943119638058164 0.2780214948390195 0.05614401430790231 0.09625895587909133
