8 0.5190719962120056 0.43682101368904114 0.0077849626541137695 0.04407697916030884
8 0.4760509729385376 0.4786190092563629 0.0077849626541137695 0.03518301248550415
8 0.9002600014209747 0.48128700256347656 0.009785950183868408 0.03340500593185425
8 0.522072970867157 0.48306599259376526 0.009786009788513184 0.01917499303817749
8 0.5120689868927002 0.4839549958705902 0.009786009788513184 0.017396986484527588
4 0.6166200041770935 0.5302010178565979 0.04480302333831787 0.08498597145080566
2 0.9057630002498627 0.5777660012245178 0.06681400537490845 0.05033004283905029
2 0.9702950119972229 0.5880069732666016 0.05780899524688721 0.051190972328186035
2 0.7321769893169403 0.6164649575948715 0.23989897966384888 0.3820209801197052
9 0.5570909976959229 0.5133029818534851 0.009786009788513184 0.022732973098754883
9 0.464044988155365 0.4581649899482727 0.019791007041931152 0.040518999099731445
9 0.45503997802734375 0.4448249936103821 0.037799954414367676 0.05296999216079712
9 0.42252397537231445 0.4430460035800934 0.016788959503173828 0.0671989917755127
9 0.20291602611541748 0.3478879928588867 0.019791007041931152 0.047634005546569824
9 0.12187600135803223 0.3030169904232025 0.04980504512786865 0.09113103151321411
