2 0.4451129824282367 0.6264346253247887 0.06331902993769944 0.09196580050854486
2 0.41670613923020894 0.6293410299138589 0.021548060601000674 0.03750326727721254
2 0.07785738814239859 0.7008283405132141 0.10298284710788834 0.06455771890375794
2 0.15050509551475869 0.6879906833882727 0.04516975123029138 0.03053426085183142
2 0.2319947195753639 0.6657038222537474 0.03429488157626431 0.02590923765727826
2 0.16897623566482267 0.6428991653361699 0.020583444406885476 0.018538665159955947
9 0.570611658907682 0.5818602763252412 0.028607752557502142 0.05581056445013888
9 0.5115057422734606 0.5935244889128808 0.015695196861332694 0.02364267423904487
9 0.48025723685891286 0.6040642884730993 0.011519260610074133 0.020583960722343475
9 0.3672553538357986 0.6056989664839261 0.011519260610074133 0.020583960722343475
5 0.1715086874563544 0.6618987996874199 0.2921524123411299 0.1006812676065949
