2 0.42946792148490054 0.6283690192612097 0.06404671757005315 0.09409549332737699
2 0.4003552526800197 0.6300297690924074 0.02171976827239358 0.03858868339308219
2 0.05265198857288317 0.6885260803577631 0.1052064828433674 0.06308109058753031
2 0.12716865074906358 0.6785998925439787 0.04611793016949951 0.03001549906809131
2 0.2108479063521726 0.6591787832432808 0.03498142722357159 0.02567379658506974
2 0.14660931040545186 0.6321268504302087 0.02095894378754154 0.018571002666854963
9 0.5584599078018786 0.5876880731522757 0.028762062379571574 0.057601433757738185
9 0.49781900338993923 0.5970453883308244 0.015865214048452148 0.024219771878236762
9 0.46570728844861387 0.6065873959440257 0.011604503964763035 0.021195313753838763
9 0.3500149633107883 0.6027633184177424 0.011604503964763146 0.021195313753838763
5 0.1493559221142619 0.6522144730058804 0.2987118442285238 0.09170023368000924
