2 0.40417006268716726 0.6315251927635126 0.06231600855640845 0.10072865101191197
2 0.37972282697392024 0.6163923330452157 0.02169825881766213 0.04029497278522498
2 0.08053574098074225 0.47035667701486344 0.09461840382627382 0.08141750379504697
2 0.14416841714112885 0.5039966145544623 0.0416766725381057 0.03786115968176562
2 0.21716737544799977 0.5343460081437906 0.031858695384803404 0.03138851977779189
2 0.16894750958187182 0.47338412821062614 0.019357928401583263 0.021735616105967914
9 0.5187003850742871 0.6686660541199706 0.02928395131639705 0.05933223921751529
9 0.46667831796371606 0.6424386519094374 0.015513626776994638 0.025788794429366102
9 0.4382758050376887 0.6326673691950755 0.011641948216482956 0.022059943959063855
9 0.3430662293921493 0.5631739253291603 0.0116419482164829 0.022059943959063744
5 0.16716720489526887 0.4927663671897567 0.26189243314297805 0.15104029434191835
